6 0.695552090625 0.7425375109375 0.11194681718749999 0.5237370218749999 0.083103534375 0.5531443078125 0.6619691984375 0.7765508999999999 0.695552090625 0.7425375109375
6 0.2623738859375 0.403872315625 0.209445709375 0.38863664062500003 0.24011008125000002 0.4156155765625 0.3206466171875 0.44101331093749996 0.3258904734375 0.4281745015625 0.2623738859375 0.403872315625
6 0.18245895 0.44110225312500007 0.23353267187500001 0.47448577187499996 0.28425912656249996 0.4892802625 0.2700208609375 0.46096295 0.214297121875 0.442852165625 0.18245895 0.44110225312500007
6 0.601705046875 0.6141309015624999 0.75901680625 0.687742871875 0.7601129421875 0.6610251468749999 0.6446863296875 0.6092748625 0.601705046875 0.6141309015624999
6 0.6230466484375 0.689117953125 0.6871645656250001 0.7224348375 0.7018969937499999 0.7470077234375 0.7389783796875 0.767906821875 0.7576883 0.7447185703125 0.6151565671875 0.6723846578125 0.6230466484375 0.689117953125
6 0.6644680968750001 0.82997824375 0.674188853125 0.8806614734375 0.6946685609375 0.914006446875 0.713203546875 0.9050493124999999 0.7302149250000001 0.839253846875 0.6720862234375 0.8051876734375 0.6644680968750001 0.82997824375
6 0.2849807765625 0.3533313453125 0.3289786875 0.36019828593750003 0.3378894 0.35516087343749997 0.286042346875 0.3359993296875 0.2849807765625 0.3533313453125
6 0.30478497031249996 0.31343789843750003 0.3676834109375 0.33091510468749996 0.3643291015625 0.3243947203125 0.30670631875 0.3050505328125 0.30478497031249996 0.31343789843750003
6 0.8358159374999999 0.37403530625000003 0.854850996875 0.3671277953125 0.7968685109375 0.34088857968749997 0.558753403125 0.2756300390625 0.5515564000000001 0.28588438437499997 0.6904049671875 0.32735293906249996 0.6881297640625 0.3415176421875 0.7700632656249999 0.35208733593749997 0.8358159374999999 0.37403530625000003
6 0.53459475 0.30490385781249996 0.5858686203125 0.318102303125 0.59263865625 0.3097118171875 0.5380835875 0.2939064671875 0.53459475 0.30490385781249996
6 0.47847803593749993 0.3043809015625 0.6005667515625001 0.338592265625 0.7204475265625 0.378209446875 0.7339934484375 0.3741008453125 0.5725361828125 0.321278975 0.47276956875 0.295439371875 0.47847803593749993 0.3043809015625
6 0.512082540625 0.3481534953125 0.486040584375 0.313693953125 0.43098544062500005 0.29583898125 0.357828125 0.2977496515625 0.34350138124999996 0.309499453125 0.452825 0.340178225 0.512082540625 0.3481534953125
6 0.623687209375 0.3773399328125 0.704986103125 0.40337778281250003 0.7073709734375 0.39508329999999997 0.63880061875 0.3706213015625 0.623687209375 0.3773399328125