6 0.655423628125 0.2989730328125 0.043402959375 0.3896159546875 0.0624713484375 0.42372831875 0.6776891453125 0.3384753109375 0.655423628125 0.2989730328125
6 0.1713630453125 0.5697102171874999 0.23845803124999998 0.559965696875 0.237103221875 0.546624515625 0.15355618437500002 0.5538189234375 0.116866671875 0.573051353125 0.1713630453125 0.5697102171874999
6 0.1060587328125 0.5173591859375 0.1367501609375 0.5224148765625001 0.194708515625 0.516924434375 0.2161952890625 0.4929480546875 0.1639115875 0.49633372343750004 0.1060587328125 0.5173591859375
6 0.5918801515625 0.4547175890625 0.715948178125 0.42977995 0.72243955 0.40408967812499996 0.55248165 0.4410141625 0.5918801515625 0.4547175890625
6 0.5816605265625 0.3883457890625 0.737239475 0.34951809375 0.7260294875 0.32347154843750003 0.6849672578125 0.3355555609375 0.6640672328125 0.355859596875 0.5938608750000001 0.3740670734375 0.5816605265625 0.3883457890625
6 0.6730914984374999 0.273821975 0.7378283531250001 0.253635796875 0.740239303125 0.18734833281250002 0.72518385 0.17489928906250002 0.6963599640625 0.2023484484375 0.672853615625 0.24859082500000002 0.6730914984374999 0.273821975
6 0.174680665625 0.6393830625 0.22925820625 0.6320727453125 0.22222640624999998 0.6253910515625 0.1785592296875 0.622643553125 0.174680665625 0.6393830625
6 0.1855565484375 0.673237109375 0.2456637921875 0.6669723953125 0.2506832484375 0.6614675640625001 0.1860983546875 0.6648392265624999 0.1855565484375 0.673237109375
6 0.6383042515625 0.7262620171874999 0.557611853125 0.7190320796874999 0.55577719375 0.7330097999999999 0.41239184531250006 0.74320425 0.4163276890625 0.7544951828124999 0.66057210625 0.7425934609375 0.7229640546875 0.7298345640624999 0.70685655 0.7192329671875 0.6383042515625 0.7262620171874999
6 0.40187424531250004 0.73271515625 0.45807428437500003 0.729174734375 0.45401803906250005 0.7197499984375 0.40166500312500003 0.7214992296875 0.40187424531250004 0.73271515625
6 0.3403566671875 0.7174623609374999 0.442267784375 0.713907646875 0.6102974546875 0.697669040625 0.5986074015625 0.690893590625 0.47373466249999996 0.70332925625 0.348291478125 0.7101475859375 0.3403566671875 0.7174623609374999
6 0.3340501953125 0.6706199484375001 0.22171031874999997 0.676767696875 0.2319871140625 0.69098918125 0.300837496875 0.7082581796875 0.3580895875 0.7028703125 0.39250337968750004 0.6755336609375 0.3340501953125 0.6706199484375001
6 0.51902725625 0.6808831093750001 0.5909607343750001 0.6720534921875 0.591036715625 0.663646234375 0.50658615625 0.6712896125000001 0.51902725625 0.6808831093750001