1 0.2891156015625 0.6143821421875 0.37008458593750004 0.63894251875 0.47303478125 0.65644035 0.5569420359375 0.6509544828125 0.59292705 0.623287440625 0.59923943125 0.5833981875 0.5760936796875 0.526979625 0.5192508421875 0.4522857203125 0.4213260703125 0.4207412234375 0.29654451718749997 0.436251965625 0.246198209375 0.49170200468749997 0.2447393625 0.5499512765625 0.2891156015625 0.6143821421875
1 0.540110121875 0.409841653125 0.586891825 0.4694027375 0.6415436890625 0.5446593234375 0.757867925 0.6121088171875 0.7871830656250001 0.631509525 0.8697965015625 0.623048815625 0.9209292828125 0.5518060828125 0.9681668921875 0.4140039546875 0.9953982640625 0.34765425 0.9984966796875 0.13851112968749998 0.9478330406250001 0.0984353875 0.797324953125 0.08039531718750001 0.693459003125 0.139196440625 0.6337836875 0.23720024374999998 0.5693620796875 0.3146904828125 0.540110121875 0.409841653125
1 0.21553438125 0.2387869953125 0.1843740109375 0.3143493375 0.21075088437499997 0.36379629062499996 0.30350038125 0.3834414171875 0.386471303125 0.367802209375 0.44120641093749996 0.340044234375 0.47190204218750004 0.27381393906249996 0.4767350046875 0.2057216578125 0.4199705234375 0.15840948906250002 0.326220059375 0.15886415468749998 0.2537426875 0.195430703125 0.21553438125 0.2387869953125
1 0.8739473203125 0.8582057031250001 0.81352959375 0.8552967718750001 0.787530784375 0.88512361875 0.7869656609375 0.9254266453125 0.82864015625 0.95724394375 0.8662118375000001 0.955626378125 0.8902733484375001 0.9357459828125 0.8985298875 0.914727709375 0.8971577140625 0.8843711328125 0.8739473203125 0.8582057031250001
1 0.6212690828125 1 0.6223959906250001 0.9870616390625001 0.5848889453125 0.9584260703125 0.5273448484375 0.9557240296874999 0.51075340625 0.9703788421875 0.514921325 1 0.6212690828125 1
1 0.6854385625 0.8503973921875 0.6609480671875 0.8788919843749999 0.6597326046875 0.9032988734374999 0.68574513125 0.93110689375 0.7158467484375 0.93471490625 0.7395507640625001 0.9220130078125001 0.747592815625 0.9053018328125001 0.72682020625 0.8591400531250001 0.6854385625 0.8503973921875
1 0.5839168671875 0.9489905828125 0.6267710734375 0.9571188390625001 0.63301881875 0.9474827140625001 0.6502537421875 0.91990660625 0.6385378687500001 0.8945687250000001 0.59931145 0.8859812265624999 0.5528294515625001 0.8783122125 0.5380323171875 0.8858919734375 0.52991876875 0.9040388500000001 0.5428569640625 0.933787275 0.5839168671875 0.9489905828125
1 0.6544789718749999 0.864017771875 0.62745861875 0.8274921140625 0.5960631828125 0.82090925625 0.57947174375 0.8355640703124999 0.5684845640625 0.8535040593750001 0.5830025671875 0.8804845265625 0.61396901875 0.8956815812500001 0.6439276406250001 0.9021609937499999 0.6549863140625 0.8827853078125001 0.6544789718749999 0.864017771875
1 0.565747071875 0.8216083390625 0.5358530890625001 0.7848757953125001 0.5058944671875001 0.77839638125 0.46250402656249995 0.781035871875 0.44713490624999996 0.8001012296875001 0.45928662343750004 0.8456423484375 0.4942060296875 0.868328228125 0.548519009375 0.87800188125 0.56338764375 0.868986421875 0.565747071875 0.8216083390625
1 0 0.8037621984375001 0.0291715921875 0.79594518125 0.0802534515625 0.8125904453125001 0.137297065625 0.8253423859375 0.14440278281250002 0.79847786875 0.0977283265625 0.736763240625 0.04114601875 0.7002705375 0 0.7007805125 0 0.8037621984375001
1 0.7687093546875 1 0.774912875 0.9937195578125 0.7601803781250001 0.9710461875 0.744518409375 0.9670369109375001 0.7028507734375 0.9640370453125 0.6987616812499999 0.9882370500000001 0.714168865625 1 0.7687093546875 1