1 0.5779336421875 0.2928921 0.5491036078125 0.2144226828125 0.4805701203125 0.1809599921875 0.4203681859375 0.1933632125 0.36512742343750004 0.255397159375 0.354351421875 0.3863178640625 0.39112335 0.48087494375000006 0.47080140000000004 0.5252057828125001 0.53014868125 0.5383878109375 0.571150671875 0.5244429453125 0.5982543515625001 0.48234467187499996 0.600385453125 0.395234971875 0.5779336421875 0.2928921
1 0.49185725625 0.589042234375 0.411689615625 0.547064521875 0.3480926984375 0.5102221921875 0.2508868375 0.5580485375 0.173438290625 0.638649475 0.0745663171875 0.7182220234375001 0.0181194 0.835790553125 0.043141175 0.986822715625 0.0492555015625 0.9930592640624999 0.331032353125 0.9721869046875 0.3704812109375 0.9485968781249999 0.5110531578125 0.874332675 0.5825995093749999 0.80853485 0.58786298125 0.7221955046875 0.5665530359375001 0.6957529515624999 0.49185725625 0.589042234375
1 0.114170378125 0.2565769046875 0.07940098281249999 0.33777993125 0.0828908671875 0.43404598437499997 0.134237 0.483423371875 0.2044797890625 0.46571556718749996 0.2717036921875 0.42182324531250004 0.29810939062499997 0.3604717609375 0.31078449375 0.2724215625 0.286542040625 0.1809458984375 0.23427095625 0.1631436265625 0.15741193125 0.20926005781249998 0.114170378125 0.2565769046875
1 0.9266127109375001 0.703737075 0.8919347125 0.666939628125 0.850261859375 0.6750657140625 0.8205018468749999 0.7073232921875 0.8260635765625001 0.76876266875 0.854114290625 0.7876755890625 0.8855785765625 0.7833993921875 0.9069748921875 0.7709933546875 0.9265263390625 0.7425856671875 0.9266127109375001 0.703737075
1 0.975400603125 0.4794123453125 0.9790766062499999 0.396702290625 0.9661524890625 0.37352685937499996 0.926773425 0.37514982343750003 0.91231270625 0.3949153515625 0.91753900625 0.4534453359375 0.9487492046874999 0.48656303906250004 0.975400603125 0.4794123453125
1 0.8384675343750001 0.546368178125 0.8100221328125 0.5768288890625 0.8208151890625001 0.617646371875 0.8694507578125 0.6303142078125 0.8864000953125 0.6189346812500001 0.8985399093750001 0.592237846875 0.8935355546875 0.5620314140625 0.8636670828125 0.540551275 0.8384675343750001 0.546368178125
1 0.84051729375 0.41895519375 0.8333004921875 0.43555517187500004 0.84319823125 0.481806259375 0.8537397171875 0.5204416984375 0.8804487046875 0.5277170546875001 0.908250359375 0.504871990625 0.9179557828125 0.4966580140625 0.9077361703125 0.45421474999999994 0.8902726421875 0.4149370375 0.858948959375 0.407233496875 0.84051729375 0.41895519375
1 0.808295775 0.45626119843749996 0.7901995421875 0.4708922859375 0.775738825 0.49065781406250003 0.7838755484375 0.5216346 0.82280569375 0.542516409375 0.8422436515625 0.539522884375 0.8618222109375001 0.5245496281250001 0.8538532015625 0.49502753593750004 0.8368225203125 0.466103775 0.808295775 0.45626119843749996
1 0.7479201125 0.3417646875 0.728844696875 0.3611020328125 0.7279468625 0.406111578125 0.735915871875 0.43563366875 0.775181446875 0.45942486875000005 0.82409821875 0.4481332328125 0.8327973453125 0.431191084375 0.8204948453125 0.37728134375 0.7955493859375 0.34570434843750003 0.7479201125 0.3417646875
1 0.6764024828124999 0 0.7334523921875 0.0314882671875 0.76094573125 0.0191682421875 0.7556179453125 0 0.6764024828124999 0
1 0.9685306171875 0.633987028125 0.9707810046875001 0.5833533140625 0.9531911546874999 0.5646884062499999 0.9283270390625 0.5734147 0.93319079375 0.615600865625 0.938000315625 0.6309181734375 0.962080084375 0.6417872609375 0.9685306171875 0.633987028125