5 0.3016493859375 0.40137393593750004 0.2877799265625 0.4103514671875 0.315806725 0.44049751718749997 0.3390614984375 0.45810756875 0.3531934953125 0.45457691875000006 0.340883359375 0.42617725 0.35642181562499997 0.4157869359375 0.334280721875 0.4020686734375 0.3016493859375 0.40137393593750004
5 0.3882605484375 0.49453438437499997 0.4067983078125 0.5085100890625001 0.42015056875 0.49720778593750004 0.40866127499999993 0.48345138125 0.390457653125 0.482975490625 0.3882605484375 0.49453438437499997
5 0.496229653125 0.526045403125 0.5101755125 0.5018091453125 0.5029381671875 0.48376294062499997 0.48382065 0.484751259375 0.4803264515625 0.5044664703125 0.4811260078125 0.5250173421875 0.496229653125 0.526045403125
5 0.7838636953125 0.8297921234375 0.76411146875 0.8368428015625 0.763274034375 0.8230482312499999 0.7396637296875 0.816098746875 0.7260733953125 0.8296744671875 0.7118044171875 0.8279400109375 0.701314171875 0.8409635375000001 0.691576153125 0.8395375187499999 0.7056013546875 0.8145434234375 0.688546646875 0.795829021875 0.632980828125 0.788993996875 0.6265456234375 0.8068727265625 0.61191513125 0.7867969046875001 0.6074986906250001 0.7636003578125 0.58893654375 0.759284109375 0.578684315625 0.7700342421874999 0.5742325859374999 0.7689680046875 0.587302840625 0.7385665265625 0.5594788187499999 0.728277453125 0.54386096875 0.7394255578125 0.5384542875 0.7329519484375 0.5179880078125 0.7468228359375 0.505749428125 0.7620169531250001 0.492511740625 0.7504311484375 0.48054935312499997 0.755722465625 0.43747181875 0.789423815625 0.4557253078125 0.840274153125 0.4372014453125 0.82832851875 0.41622095625 0.854375575 0.421633509375 0.8898511203125 0.419183990625 0.8980795609375001 0.47617215156250003 0.8622722656249999 0.5427424796875 0.843907575 0.6342777421875 0.8486117375 0.7249021046874999 0.8692810578125 0.8706220765625 0.9303340734375001 0.9503177171875 0.9637022828124999 0.9535913703125001 0.9324343109375001 0.9146416890625 0.9028024531250001 0.89830690625 0.90626978125 0.875728009375 0.8894689140625 0.852673075 0.8772148625 0.8400348078125001 0.8816970109375 0.8381219203124999 0.8563812609375001 0.8163421734374999 0.861004353125 0.7972247671875 0.8619926781249999 0.804215346875 0.838809353125 0.7838636953125 0.8297921234375
5 0.7041254703125001 0.6899770203125 0.71414555 0.7105022453125 0.748204990625 0.697556578125 0.7315881421875 0.68192478125 0.7041254703125001 0.6899770203125
4 0.7419979546875 0.7193689390625 0.74323178125 0.7366983109375 0.8938719562499999 0.81433780625 0.9133051968749999 0.8071306874999999 0.8968881515625 0.8017482828125001 0.8865944421874999 0.80275364375 0.8624115765625 0.7823419031250001 0.8155543765625 0.7433270734375 0.7735343890624999 0.7148772906249999 0.748687075 0.70892111875 0.7419979546875 0.7193689390625
4 0.540143046875 0.6085745640625 0.5516343765625 0.604238846875 0.5158701953125 0.5728029796875 0.461648175 0.5392577265625 0.4541106359375 0.5422074828125 0.48578736093749997 0.568196346875 0.540143046875 0.6085745640625
4 0.416104978125 0.4055020609375 0.4227291609375 0.44875113281249995 0.4367945234375 0.45226747031250003 0.4435349125 0.40410612187500006 0.42711780624999995 0.3987237265625 0.416104978125 0.4055020609375
4 0.560541128125 0.5269865296875 0.58722120625 0.503248571875 0.5606999125 0.48399184375 0.5156679343749999 0.4815499109375 0.510723259375 0.482559075 0.515897025 0.5089893015625 0.560541128125 0.5269865296875
4 0.5397719484375 0.40127386875 0.5332806078125001 0.4106642015625 0.5604054406250001 0.423149975 0.57003464375 0.4366001953125 0.5868951109375 0.4377478390625 0.6095680234375 0.440144103125 0.58680386875 0.4061811640625 0.5397719484375 0.40127386875
4 0.642115846875 0.46871845468749995 0.65496020625 0.468823390625 0.6727536015625 0.4853882578125 0.680473165625 0.47653086718750004 0.6620141281249999 0.4582146984375 0.642115846875 0.46871845468749995
4 0.57220655 0.45111859218749994 0.5518504328125 0.44835184687499996 0.560762828125 0.4596886640625 0.5783673390625 0.46338001875 0.57220655 0.45111859218749994
6 0.2785313921875 0.2197468578125 0.33764714218749997 0.22095700312500002 0.33542410624999996 0.2023822140625 0.28114871875 0.2112493046875 0.2785313921875 0.2197468578125