5 0.541304975 0.7353013921875 0.5111805921875 0.7139042234375 0.50447154375 0.7291932859375 0.5201948046875 0.7603635375 0.5493406249999999 0.8002203203124999 0.5622244640625 0.7866302484375 0.5676057703125 0.7490562921875 0.556119128125 0.7201612796875 0.541304975 0.7353013921875
5 0.488680878125 0.6429263734374999 0.4751348796875 0.62622856875 0.4596922640625 0.6386292 0.472155 0.6634608625 0.48577981406250004 0.6639099421875 0.488680878125 0.6429263734374999
5 0.501418746875 0.5564598078125 0.5061659953125 0.5348047499999999 0.48691314375 0.5218785734375 0.4565777953125 0.5316395484374999 0.454894378125 0.5492122640625 0.4782277625 0.5554036140624999 0.501418746875 0.5564598078125
5 0.0656988265625 0 0.10761661874999999 0.1814774125 0.11408672812500001 0.2906387140625 0.102140128125 0.3967459296875 0.06855580624999999 0.4683218625 0.0230113078125 0.5177544171874999 0.023288265625 0.5239859859375 0.026718815624999996 0.5237443203125001 0.0662345328125 0.5390530874999999 0.099970428125 0.52169520625 0.0898249421875 0.497400553125 0.144480296875 0.531371525 0.1911449 0.490655075 0.1994553859375 0.47830432500000003 0.18872073125 0.4601600125 0.2083999984375 0.4500346234375 0.22812416249999998 0.4301406140625 0.22174956093749998 0.42228287499999995 0.23744470781250002 0.40724628906250004 0.23095225312499998 0.37271883125 0.19373725 0.379893853125 0.1933612515625 0.3745184703125 0.207586215625 0.36552875625 0.2061665234375 0.3431485640625 0.1804942359375 0.3321331515625 0.1603211125 0.31021343749999997 0.18197000624999998 0.30742783125 0.18467461093749998 0.2419947734375 0.166516028125 0.217646353125 0.13529964375 0.2273037296875 0.135512890625 0.215777890625 0.1523808390625 0.2070989484375 0.1530990640625 0.1903014421875 0.171184703125 0.1782115234375 0.167711178125 0.14937021718750002 0.1521057890625 0.1448696859375 0.163900965625 0.12404335156249999 0.1574478359375 0.09840571875000001 0.1296319703125 0.10046618593750001 0.13437920625 0.07881125624999999 0.1437839296875 0.055038257812500005 0.11521612968749999 0.046347965625 0.1227298359375 0.03301495625 0.11308937187500001 0.003448515625 0.111384253125 0 0.0656988265625 0
5 0.2870269390625 0.23456025625 0.3085861046875 0.2513117734375 0.322984965625 0.22190632500000002 0.308266196875 0.19885094375 0.2870269390625 0.23456025625
4 0.2035117359375 0 0.2023797171875 0.00194035 0.2625954890625 0.19450325156249998 0.28216529375 0.2003653734375 0.295370496875 0.19538139375000002 0.293266184375 0.1653774359375 0.2687068921875 0.1099198109375 0.23298969687499999 0.04620685625 0.2142404125 0.013253865625 0.21733730156250003 0.00171529375 0.2170787625 0 0.2035117359375 0
4 0.434935025 0.5678786687499999 0.406861975 0.4971295515625 0.3777064421875 0.44807462343750004 0.37057712187499997 0.4601308265625 0.40643330781250003 0.532787028125 0.43013774531250004 0.5757595625 0.434935025 0.5678786687499999
4 0.585952946875 0.623327625 0.52964056875 0.618689946875 0.5309971359375 0.6357114828125 0.5791668265625 0.6544041140625 0.5889969203125001 0.6435232546874999 0.585952946875 0.623327625
4 0.5111039625 0.5207844359375 0.516835365625 0.468550825 0.4998485140625 0.4332144578125 0.4676727546875 0.4576967984375 0.47979070625000003 0.5134786765625 0.5090149890625 0.5261920171875001 0.5111039625 0.5207844359375
4 0.5954423015625 0.518795390625 0.6074016265625 0.5137666296875001 0.6106941875 0.45860826406250005 0.5761906703124999 0.423802759375 0.574638353125 0.4504010765625 0.5727591249999999 0.47001781249999997 0.58630723125 0.48450535468749995 0.5954423015625 0.518795390625
4 0.5480276046875 0.33320535625000003 0.536444875 0.33977846562499997 0.552007265625 0.3644216734375 0.5496964921874999 0.37916829218750003 0.5654653453125 0.359060925 0.5480276046875 0.33320535625000003
4 0.5558885984375 0.4878405375 0.5565791109375 0.4638021765625 0.5437331375000001 0.45359459375 0.5446199515625 0.47471693437500007 0.5558885984375 0.4878405375
6 0.775209825 0.7916866140625001 0.7654055421875 0.8597440984375 0.775611509375 0.8589258093750001 0.7960156390625001 0.799002053125 0.775209825 0.7916866140625001