5 0.42009416718750003 0.962154796875 0.4205178015625 0.97464146875 0.45309968281249996 0.972710690625 0.43757530468750006 0.955633384375 0.42009416718750003 0.962154796875
5 0.2682433265625 0.8337732234375 0.3126008328125 0.845135125 0.36000198437500003 0.8639754765625 0.38803555312500004 0.872605334375 0.40800805 0.8493400734375 0.3954370125 0.816472484375 0.3752446546875 0.8103950624999999 0.34723884531250004 0.806887940625 0.29512781875 0.8213320046874999 0.2682433265625 0.8337732234375
5 0.0723890984375 0.772798690625 0.0487566421875 0.7562895015625 0.027434879687500004 0.7645882703125 0.0269602625 0.765299384375 0.0385631328125 0.851725728125 0.0824329078125 0.8476120609375 0.1593698171875 0.843374359375 0.22569203437500002 0.8345185203125001 0.1824991921875 0.8155104203124999 0.147208546875 0.81851105625 0.10218614687500001 0.8173895890624999 0.07815719531250001 0.797927296875 0.0723890984375 0.772798690625
5 0.4168269171875 0.8010847671875 0.4620476796875 0.799849921875 0.36624587656249996 0.7889436562500001 0.3671709546875 0.7958342968750001 0.3758413890625 0.8072437171875 0.41556938906249996 0.7993143140625001 0.4168269171875 0.8010847671875
5 0.5230353171875 0.7718003171875 0.55700436875 0.7589558000000001 0.5764119578125 0.7288023906250001 0.5576773296875001 0.7183909109375 0.5375530875 0.7052246171875 0.5114015484375 0.7003366 0.46386010468750005 0.7108363015625 0.4105067578125 0.7407846859375 0.41339088593750006 0.7754907671875 0.449670625 0.7874541374999999 0.47609056406250005 0.7791486125 0.5128349140624999 0.7869762109375 0.5230353171875 0.7718003171875
5 0.19105482812500002 0.5146169140625 0.2102621578125 0.49056809687499997 0.20516807343750001 0.47541255312499997 0.18451115625 0.47347103125 0.15621543437500002 0.48798037968749997 0.1510025765625 0.49734202187500004 0.1399451890625 0.49853820000000004 0.1346427296875 0.51981185 0.1678147765625 0.5162232078125 0.19105482812500002 0.5146169140625
5 0.673730953125 0.544623878125 0.69294230625 0.5054127671875001 0.6759979046875 0.48554710625 0.6675958875 0.4609442796875 0.6313161140625 0.448980915625 0.5926453734375 0.46478550937499996 0.5645673921875 0.48352956249999995 0.5419199703124999 0.497146678125 0.5107302046875 0.5155010250000001 0.5004576609375 0.5529280890625 0.5193244 0.5643238515625 0.5358722546875 0.581236278125 0.5250670265624999 0.6298880453125 0.5416830578125 0.6397115171875 0.5755159203125 0.6410448093750001 0.6027287984374999 0.638645640625 0.66721869375 0.6328492328124999 0.6699339828124999 0.6302858328125 0.6903988109375 0.6080074765625 0.6978198546875001 0.5873217671875001 0.6971671749999999 0.552075365625 0.673730953125 0.544623878125
5 0.3881986375 0.4307949875 0.34541880625 0.46157028125000005 0.30925893125 0.49607811249999995 0.3383179859375 0.522622578125 0.37526259687499997 0.5243455859374999 0.402279228125 0.5128886500000001 0.44478659218749994 0.5104691296875 0.493148553125 0.48439890781250006 0.52809141875 0.46250849374999997 0.536573775 0.4345356734375 0.5308189125 0.41445818437500004 0.48864807812500005 0.39659535468749996 0.457922890625 0.4108139390625 0.3881986375 0.4307949875
6 0.8358610140625 0.2990807546875 0.8524862734375 0.1905340109375 0.8401862250000001 0.1849824765625 0.7707536984375001 0.45962435937499996 0.742740546875 0.534986609375 0.7202341265625 0.5394787171875 0.697499675 0.5508790453125 0.697099815625 0.6081482265625 0.6639707031250001 0.6636302484375001 0.701578846875 0.6587247359374999 0.720189603125 0.6424285046875 0.7218494625 0.6203652703125 0.7926544765625 0.4678347984375 0.8358610140625 0.2990807546875
5 0.7385055171875 0.4649849953125 0.762474478125 0.46121176875 0.7779011140625001 0.4621757671875 0.8067720328125001 0.4493380734375 0.8042610781249999 0.43063471406250003 0.7666516156250001 0.4391520671875 0.7663872984375 0.4371832359375 0.75082851875 0.43523482031249994 0.7305680265625 0.436246415625 0.7212927312499999 0.458312875 0.7385055171875 0.4649849953125
5 0.8777676890624999 0.160240309375 0.9156414515625 0.1536917890625 0.9229943796875 0.140094953125 0.9081645 0.1359796046875 0.87969408125 0.13660825000000001 0.8602906015625 0.151599490625 0.8777676890624999 0.160240309375
5 0.4212192609375 0.2513638640625 0.42968942656250003 0.268877809375 0.47318996875 0.2662599203125 0.5204671125 0.2537915234375 0.5509279484375 0.23760411406249998 0.5591460078125 0.2076625984375 0.5416689515625001 0.1990216375 0.4921410796875 0.2099178125 0.4433380609375 0.2338092171875 0.4212192609375 0.2513638640625
5 0.5443984953125 0.1427467609375 0.5271685421875001 0.1455624359375 0.5045081140625001 0.1500852828125 0.49221596874999995 0.16157619375 0.45622373281249995 0.172187953125 0.440275421875 0.19157626249999998 0.448703875 0.20048965000000002 0.49549539062500003 0.188345690625 0.508029490625 0.1880254203125 0.5388739250000001 0.19059495937499998 0.568619490625 0.1802950484375 0.580523921875 0.1682582703125 0.587649775 0.1627847265625 0.5878387828125 0.14311386718750002 0.5729166453125 0.14204093125 0.5571795859375 0.1348978890625 0.5443984953125 0.1427467609375
5 0.5581459390625 0.049939709375 0.5327072515625 0.061873128124999996 0.545604309375 0.07830881875 0.5604264515625 0.0716108015625 0.590642478125 0.057789009375 0.6000933671875 0.0602655640625 0.6084861015625 0.0501762359375 0.5995279515624999 0.0373172953125 0.5813805984375 0.0356415453125 0.5581459390625 0.049939709375
5 0.4637550375 0.10960391249999998 0.4854968265625 0.10526441875 0.5001559906249999 0.09735234375 0.5112627359374999 0.0910842453125 0.5212050796875001 0.0878532859375 0.5171464671875 0.0740163921875 0.5129828515625 0.0711077453125 0.48811836093750005 0.0732657734375 0.47574598906250004 0.079474875 0.4611077984375 0.08520128125000001 0.449856575 0.0974193296875 0.45422265624999997 0.1065202859375 0.4637550375 0.10960391249999998
5 0.1730702515625 0.3302968953125 0.1782105265625 0.3451644203125 0.1931822046875 0.31381722500000003 0.21858015000000003 0.3015803328125 0.226504953125 0.2856633109375 0.22510994062499998 0.283171715625 0.2162639171875 0.260906546875 0.2124547953125 0.23019145624999998 0.2055351734375 0.2278329265625 0.1921353609375 0.259178059375 0.1779168671875 0.2984774765625 0.1730702515625 0.3302968953125
5 0.277754759375 0.0912567125 0.2577293328125 0.0896441671875 0.25650319062500004 0.094563465625 0.23080117812499998 0.1747979078125 0.2547507765625 0.1587988171875 0.2827627453125 0.1426122015625 0.30140280625 0.1339055734375 0.30379585625 0.116599534375 0.2952476625 0.0974260078125 0.277754759375 0.0912567125