5 0.638275540625 0 0.6470623468750001 0.004753284375 0.648837996875 0.008247384375 0.650040740625 0.0431004625 0.66153256875 0.060584535937499996 0.6771899546875 0.0580537265625 0.6823742078125 0 0.638275540625 0
5 0.7934944421875 0.19544164375 0.756736771875 0.1778240359375 0.7181702984375 0.1532276671875 0.6950940937500001 0.1408452203125 0.6755211531249999 0.15735815 0.68278114375 0.1878873703125 0.6994175140625 0.1966869734375 0.7230154875 0.20465215468750003 0.7691578828125001 0.20141120156249998 0.7934944421875 0.19544164375
5 1 0.22141329999999998 0.9540118234375001 0.21632647500000002 0.887706715625 0.206393403125 0.8299954109375 0.20231208281250002 0.8649419359375001 0.226309965625 0.8954683609374999 0.2299559546875 0.9338856703125 0.2388705640625 0.9523805734374999 0.2598762921875 0.9546417546875 0.2825386484375 0.9731117625 0.30093078281249996 0.992245790625 0.2975471453125 1 0.2890409546875 1 0.22141329999999998
5 0.6628338734375 0.1973648984375 0.6239958515625 0.19044483125 0.704835578125 0.21675242187500002 0.7047775578125 0.210653990625 0.698571146875 0.19929596562500002 0.6637217140625 0.199111859375 0.6628338734375 0.1973648984375
5 0.568806678125 0.203837478125 0.538363171875 0.20890363750000002 0.518540228125 0.231449265625 0.5334673171875 0.24372455781250002 0.5492904734375 0.2586179859375 0.5711542390625 0.2674452015625 0.6129652765625 0.266794890625 0.6618221140625 0.2504189453125 0.6630493765625001 0.22001638906249998 0.6332698890625 0.2033068390625 0.609771378125 0.2057962234375 0.5791537812499999 0.19256690468749998 0.568806678125 0.203837478125
5 0.8255760265625 0.48396788125 0.8065745859375 0.5012908015625 0.8093209015625 0.5152440703125001 0.8267953484375001 0.5205633171875 0.8525600828125001 0.5130615656249999 0.8580189453125 0.5059184328125 0.8676108546875 0.5068403015625 0.8744149453125001 0.48945282656250005 0.8456393078125 0.48668734062499996 0.8255760265625 0.48396788125
5 0.4156269015625 0.372906059375 0.395007353125 0.40328799687499994 0.40739531093750003 0.4233903875 0.411966978125 0.4460648921875 0.441746496875 0.46277444218749997 0.47652961875 0.455988759375 0.5025589453125 0.44480109375000004 0.523394025 0.4370706484375 0.552045365625 0.42676803124999996 0.5648237875000001 0.3963446109375 0.549888440625 0.38319820312499997 0.5375254093749999 0.3657095265625 0.5519551234375 0.325711984375 0.538778821875 0.3143171984375 0.5099617078125 0.3071956375 0.486413465625 0.304457709375 0.4305963359375 0.2980647046875 0.42799921406249997 0.29979325625 0.408109965625 0.3153692140625 0.39955508906250004 0.33187624531250004 0.3963602890625 0.36235023437499997 0.4156269015625 0.372906059375
5 0.6479052375000001 0.5213606421875 0.687799778125 0.5024057109375 0.7224254796875 0.47906709062499997 0.700379275 0.45107321718750004 0.668940175 0.4430666125 0.6445953296875 0.4481650484375 0.60795366875 0.44274442187499996 0.5637821796875 0.45666122031249995 0.5315418265625 0.4693469515625 0.52130250625 0.491943209375 0.524090265625 0.5102525531250001 0.5582839671875 0.53308355 0.586097228125 0.5262611640625 0.6479052375000001 0.5213606421875
6 0.25070397187500004 0.5557756687500001 0.22491429218749998 0.64633499375 0.234851271875 0.653288253125 0.3235289171875 0.428989378125 0.3555321359375 0.369023353125 0.37527478593749997 0.3691276515625 0.3959482890625 0.3633219578125 0.4023892578125 0.3140649265625 0.4366543734375 0.272125540625 0.403941440625 0.26971112656249996 0.3862762234375 0.280461840625 0.382505915625 0.29917250625 0.3056573828125 0.4180509265625 0.25070397187500004 0.5557756687500001
5 0.3517024796875 0.4300654875 0.3307845265625 0.42908378281250004 0.31768282187499997 0.4255299078125 0.291603765625 0.431490259375 0.29176125 0.44804331875000003 0.3248599421875 0.44734698125000005 0.32487652031250003 0.449089459375 0.3379865015625 0.453514571875 0.3554361109375 0.4562202234375 0.365725165625 0.438851278125 0.3517024796875 0.4300654875
5 0.20004873281250002 0.667964440625 0.1669334765625 0.6669183000000001 0.159191815625 0.677331503125 0.1714471390625 0.683494371875 0.1958832203125 0.6879793234375 0.21408799531249997 0.6784925921875 0.20004873281250002 0.667964440625
5 0.6005333953124999 0.670080178125 0.595148484375 0.6534995046875001 0.5576355921875 0.64807439375 0.5158411328125 0.6504670640625 0.48804447812499996 0.6590319265625 0.47782173281249996 0.6833705421875 0.4918609515625 0.6938988109374999 0.535414484375 0.6932577078125 0.5797314671875 0.681295459375 0.6005333953124999 0.670080178125
5 0.48353178750000003 0.7418881140625 0.49857954062500004 0.742504821875 0.5184572875 0.7426098359375 0.5302023874999999 0.7348825406249999 0.562139859375 0.7320967109375001 0.5778554515625001 0.718212646875 0.57159035625 0.7090472515624999 0.5302461187499999 0.7112462093749999 0.5194835 0.709309184375 0.49335596875 0.701650415625 0.46679851875 0.705270484375 0.4553271484375 0.7135363984375 0.4486449171875 0.7169928609375 0.44638834843749997 0.73390258125 0.459046628125 0.73746121875 0.4717560234375 0.7463920890625 0.48353178750000003 0.7418881140625
5 0.4618815109375 0.8193984546875 0.4849264640625 0.8136110234375 0.47563754999999996 0.7971775203125 0.4622373125 0.8003298843750001 0.4349021203125 0.8069003953125 0.42707640468749997 0.8030987203125 0.418818246875 0.8103072250000001 0.4251165640625 0.8229645609375 0.4404712609375 0.827611828125 0.4618815109375 0.8193984546875
5 0.549028771875 0.7846725375 0.52995685625 0.7845717828125001 0.5165668328125 0.788798625 0.5063925593749999 0.7922366359375 0.4975383796875 0.793264246875 0.4995388125 0.8058989125 0.5027928953125 0.8091392984375 0.524305365625 0.811670325 0.5355566656249999 0.808506571875 0.5486959796875001 0.80615860625 0.5596275421875 0.797621234375 0.5568595921874999 0.7890114890625 0.549028771875 0.7846725375
5 0.8213412421875 0.6459032796875 0.81852471875 0.632189934375 0.8023715484375 0.6565469578124999 0.7793291499999999 0.6626029734375 0.7708509125 0.67491365625 0.77177963125 0.6773060296875 0.7769802875 0.6980454265625 0.776969778125 0.7251737328125001 0.782641434375 0.7284268546875 0.7974489546875 0.7037940953125 0.8138042890625 0.6724546124999999 0.8213412421875 0.6459032796875
5 0.7062811078125 0.833313665625 0.723250065625 0.8382380656249999 0.724823440625 0.8342174046874999 0.7553672984375 0.7696467874999999 0.7331639640625001 0.7791989984375001 0.707463490625 0.7881955234375 0.6905814234375 0.792403915625 0.6866901453125 0.8068876218750001 0.691965109375 0.8249115171874999 0.7062811078125 0.833313665625
5 0.613399096875 0.9759171609375 0.614051690625 0.9831227484375 0.6554061718749999 0.9818974296875 0.6577364859375 0.9777629890625 0.6627226515625 0.9654338375 0.6645135375 0.9560423953124999 0.6487366234375 0.9634797859375 0.63075963125 0.9655335859375 0.613399096875 0.9759171609375
5 0.576681021875 0.899710096875 0.5645880828125 0.8991090171874999 0.544546484375 0.9100156390624999 0.5333360703125 0.9174771343750001 0.5364058734375 0.9295802390624999 0.53965740625 0.9325520062500001 0.5298769640625001 0.949153371875 0.5419980171875001 0.9527091703125 0.5581483406250001 0.9562862546875 0.5709883625 0.950713553125 0.587033903125 0.9432775828125 0.6025601 0.9377190703125 0.610140484375 0.9157341156250001 0.62613925625 0.9058482671875 0.6261246953125 0.9018514890624999 0.6160605968749999 0.8886370484375 0.606062940625 0.8824064843749999 0.5875359359375001 0.8831143875 0.576681021875 0.899710096875