5 1 0.36710476875000003 0.99875916875 0.3670916640625 0.9672393703125 0.4097803546875 0.9488224609374999 0.42851294375000004 0.950461559375 0.4309336765625 0.9760041156250001 0.4135381625 1 0.4015534234375 1 0.36710476875000003
5 0.93241794375 0.46481400937500006 0.910203165625 0.4751524 0.8925275265625 0.47923179843749997 0.8848850515625 0.4968163625 0.9034325265625001 0.5045230375 0.93241794375 0.46481400937500006
5 0.7983232265625 0.638005559375 0.8174814765624999 0.6046198281249999 0.8272798734375 0.570534390625 0.820326528125 0.56289010625 0.798787840625 0.6085082453124999 0.7611186437499999 0.6827973859375 0.7360511203125 0.7140176421875 0.7468516921874999 0.7181575 0.7759648953125 0.682413409375 0.7983232265625 0.638005559375
5 0.8718504703125 0.2872789109375 0.8727901890625 0.27160635312500003 0.8531046999999999 0.2805916296875 0.8497584843749999 0.30320869375 0.8660456125 0.3062648578125 0.8718504703125 0.2872789109375
5 0.80816371875 0.3651386546875 0.807265884375 0.3480647859375 0.78551843125 0.3513801171875 0.7678009734375 0.38820601250000003 0.7673624234374999 0.4229911921875 0.7445394921874999 0.49689628125 0.80496871875 0.500839253125 0.8268780781249999 0.447894525 0.831612884375 0.418141878125 0.8480504296875001 0.3842832328125 0.8350008328125 0.3627783640625 0.8201127781249999 0.3959087421875 0.8089675968750001 0.4043833421875 0.8070778437499999 0.392406265625 0.80816371875 0.3651386546875
5 0.703941915625 0.4723729828125 0.7014935203125 0.5120640062499999 0.7165382203124999 0.510660665625 0.7206779156249999 0.483966121875 0.740629646875 0.44650290937500003 0.7466328828125001 0.426497546875 0.7280854765625 0.418790925 0.7108587125 0.4314072953125 0.712826746875 0.459247909375 0.703941915625 0.4723729828125
5 0.6666558890625 0.41362407343749996 0.6534230484375 0.4229551296875 0.6387968125000001 0.4472687765625 0.6327809484375 0.491872021875 0.6344962187500001 0.5123922109375 0.653631890625 0.5098852671875 0.66120109375 0.48272302656250005 0.6616378968750001 0.5117686421875 0.6814363484375 0.509767171875 0.6824493734375 0.47718260625 0.6905419859374999 0.4668870015625 0.700473684375 0.433700340625 0.697425853125 0.41977892343749995 0.6858819421875 0.41456399062499993 0.671837540625 0.43784349999999994 0.6790678296875 0.416334171875 0.6666558890625 0.41362407343749996
5 0.4726629875 0.4991748875 0.46193243749999996 0.524981715625 0.4912055515625 0.525139215625 0.48992330624999997 0.5180387984375 0.5014973781250001 0.49963114218750004 0.507230796875 0.472124428125 0.5111358796875 0.475524896875 0.51683908125 0.47164075 0.5214898234375 0.44774189062499997 0.5131656546875 0.4259815890625 0.49208873906250006 0.4365084765625 0.48102867031249996 0.46987549531250006 0.48659255312500005 0.4823525359375 0.4726629875 0.4991748875
5 0.47335372812500004 0.20432304218750003 0.48583336250000003 0.2036170109375 0.4943659046875 0.202583434375 0.49225720468749995 0.186379871875 0.47922519062499996 0.18349540625 0.47335372812500004 0.20432304218750003
5 0.3772882609375 0.23638135 0.381468840625 0.24419151249999999 0.37705610156249997 0.2578540484375 0.3785270046875 0.281841875 0.3935418796875 0.29256325 0.40950264062499997 0.28941066875 0.4245414671875 0.270716309375 0.4387797078125 0.226842609375 0.43780350781250005 0.2003129484375 0.43361864375000003 0.17449855 0.403851371875 0.17198669375 0.3875217421875 0.18604775625 0.3884546078125 0.20378710781249998 0.3772882609375 0.23638135
5 0.3707179671875 0.059955173437499995 0.37423279531250003 0.054908170312500004 0.3690295015625 0.039348435937499995 0.3444914328125 0.0385483984375 0.340024271875 0.048489184375 0.3707179671875 0.059955173437499995
5 0.276685021875 0.14946661562500002 0.294321875 0.13692454999999998 0.298457003125 0.1091678 0.3117927109375 0.11547450937499999 0.3205734984375 0.138680190625 0.346214225 0.1403212015625 0.3518866328125 0.11478195 0.24197215781249998 0.0903260609375 0.2309044890625 0.0983942296875 0.24277095625 0.1285195234375 0.25834332187500003 0.1428546359375 0.276685021875 0.14946661562500002
5 0.1944592609375 0.083946828125 0.186455384375 0.069763775 0.1785453671875 0.07462012031250001 0.1738871453125 0.0953040453125 0.18832546875 0.10245172031250001 0.1944592609375 0.083946828125
5 0.10399549687500001 0.5411926328125001 0.12945606406250001 0.5334923890625001 0.126708053125 0.50082255 0.112493846875 0.485895446875 0.10399549687500001 0.5411926328125001
5 0.32291116249999996 0.6845327515624999 0.31611087968749996 0.7293284156250001 0.3247130625 0.7688556859375 0.35465975 0.752878871875 0.36984176562500004 0.7216538171875 0.391814521875 0.699861534375 0.395629628125 0.66794331875 0.398992428125 0.6422221953125 0.38940562343749996 0.6235832359375 0.367776709375 0.6214443843749999 0.350301878125 0.63736189375 0.3456047625 0.6590364296875 0.32291116249999996 0.6845327515624999
5 0.2086040765625 0.6981175125 0.2274423078125 0.6776566984375 0.2364144703125 0.6611035640625 0.2312218421875 0.638533109375 0.21042752187499997 0.6370307828125 0.1943160875 0.64840498125 0.1914138546875 0.678094915625 0.1921203609375 0.7089419546875 0.2086040765625 0.6981175125
5 0.1157777484375 0.8180357562499999 0.145899909375 0.7814556125000001 0.16387979531250002 0.7555546953125 0.16561071249999998 0.7318838359375001 0.1675455484375 0.7120905375000001 0.148901825 0.69707425625 0.1271828109375 0.6953984 0.101252709375 0.7202874328125 0.0947008015625 0.6807767203124999 0.0910595296875 0.6766223140625 0.0837684625 0.696850284375 0.0676876984375 0.789335565625 0.048760709375 0.8324169109374999 0.043277181250000005 0.8346313453124999 0.0461814796875 0.8906428125 0.0685416421875 0.8948385390625001 0.087611703125 0.8765790843750001 0.09293953125 0.8516634968749999 0.1033343296875 0.8425759921875 0.1054849265625 0.8290620390625 0.1157777484375 0.8180357562499999
5 0.6054213953125 0.72169491875 0.5862606703125001 0.7383572546875 0.5781569703125 0.754437634375 0.5962364296875 0.7518524265625001 0.73199720625 0.720538934375 0.735144209375 0.697550790625 0.7208581734374999 0.704500834375 0.719284715625 0.6836157734375 0.682380903125 0.7062473796875001 0.637142040625 0.723994040625 0.6054213953125 0.72169491875