5 0 0.645184175 0.007946242187499999 0.6501976421875 0.025268337499999998 0.6491179828125 0.05457914375 0.60581061875 0.07187730625 0.5864833593750001 0.0702245859375 0.584269046875 0.0459959234375 0.6028116578125 0.0181343140625 0.618915759375 0 0.6186310203125001 0 0.645184175
5 0.0867421890625 0.5503891203125 0.10794690468749998 0.53887319375 0.124933678125 0.533701175 0.131840246875 0.5162382265625001 0.11368369687499999 0.5101281656250001 0.0867421890625 0.5503891203125
5 0.21167231250000001 0.374249440625 0.1940626984375 0.40773189531250004 0.18552734531249998 0.441228090625 0.19246580156249998 0.4480952703125 0.21203959062500002 0.402671934375 0.24642445156249998 0.328517240625 0.2698107625 0.2967024609375 0.259247465625 0.293479284375 0.2320725484375 0.329933178125 0.21167231250000001 0.374249440625
5 0.1502520390625 0.7169892625000001 0.149776896875 0.73213958125 0.1685721984375 0.722104228125 0.171183140625 0.700100546875 0.1553420609375 0.6983070703125 0.1502520390625 0.7169892625000001
5 0.2097078828125 0.63756429375 0.21104922343750002 0.6539337890625 0.231996303125 0.649210159375 0.2481168140625 0.6125182609375 0.24757790468750002 0.5790082875 0.267610853125 0.50626960625 0.20904135781250002 0.5067338 0.1893118390625 0.55923475 0.1855551265625 0.5882039578125 0.1705906640625 0.6219498125 0.183810528125 0.6417274671875 0.1972961515625 0.60879174375 0.2078435453125 0.599849825 0.2100033625 0.6112439937499999 0.2097078828125 0.63756429375
5 0.30756470625 0.527010740625 0.30883431875 0.488637475 0.2943186640625 0.4910484890625 0.2910529953125 0.5170324749999999 0.27278865625000004 0.554495234375 0.267534946875 0.57417255 0.28569143124999996 0.5802825640625 0.3020075765625 0.5669257546875001 0.2993327828125 0.54026920625 0.30756470625 0.527010740625
5 0.345262584375 0.5809257875 0.3578059046875 0.5710124296875 0.3712823640625 0.5465808390625 0.375867196875 0.50322835625 0.3736396265625 0.4835995546875 0.35519685 0.48736106875 0.34862636406249997 0.5140369046875 0.347399546875 0.48611268281250003 0.3283015875 0.48943441718749997 0.32822380624999997 0.5208668953125 0.32067994375 0.531346296875 0.31199074531250004 0.5639868578125 0.3153247453125 0.5771707390625 0.326636928125 0.5813762359375 0.339579146875 0.5579809640625 0.3331800109375 0.5791922546875 0.345262584375 0.5809257875
5 0.5305659828125 0.48491441875 0.54023234375 0.4593202859375 0.51190864375 0.46123190000000003 0.5133457140625 0.467975334375 0.502658440625 0.486507571875 0.49787346406250005 0.5133855609375 0.4940014625 0.51038800625 0.48859162968750003 0.514528278125 0.48475415625 0.5378575734375 0.49340962812500005 0.5582141218750001 0.5135083390624999 0.5465969734375 0.5232841421875001 0.5137032984375 0.5175560671875 0.5020868921874999 0.5305659828125 0.48491441875
5 0.5380619296875 0.7687438328125 0.5260084546875 0.7703029328125 0.5177825406250001 0.7718990828125001 0.520271196875 0.7873456109375 0.5329584671875 0.7892032609374999 0.5380619296875 0.7687438328125
5 0.6301097234374999 0.731118459375 0.6258491015625001 0.7238962046874999 0.6297397609375001 0.7104356546874999 0.6276525796875 0.6874521984374999 0.61283005625 0.6781916531250001 0.59747661875 0.6823507921874999 0.5834454203125 0.7014031671875001 0.5708859140625 0.744633021875 0.5725648890625 0.7700977390625 0.5773281796874999 0.7946479046875 0.606195125 0.7949674171875001 0.6216033640624999 0.7802833890625 0.6202097046875 0.763275865625 0.6301097234374999 0.731118459375
5 0.641351028125 0.9004570953125001 0.6380904640625 0.9055623234375 0.6435550625 0.9201710859375 0.66731578125 0.9192116140625 0.6713621437499999 0.9093292359375 0.641351028125 0.9004570953125001
5 0.7298416999999999 0.8076790921875 0.71312676875 0.8209932921875 0.70989493125 0.8479992781249999 0.6968191 0.8428692906249999 0.6876818640625 0.821153815625 0.6628311265625 0.8213816062499999 0.6580506953125 0.8463617046874999 0.765061096875 0.8621524359375 0.775544759375 0.85360715 0.7632307828125 0.825449365625 0.747768871875 0.8127500640624999 0.7298416999999999 0.8076790921875
5 0.8112025640624999 0.864943384375 0.8193383750000001 0.8780297703125 0.8268561999999999 0.8727982640624999 0.8307899265625001 0.8525626624999999 0.8166241218750001 0.8467009984375 0.8112025640624999 0.864943384375
5 0.8860581125 0.418490290625 0.8616403125 0.4276958921875 0.8652033875 0.4589453578125 0.8793677843750001 0.47231014687500006 0.8860581125 0.418490290625
5 0.6703062 0.295961715625 0.6756445640625001 0.2523687515625 0.6662281828125 0.21493194375 0.6376996046875 0.2324195328125 0.6238768390625 0.263542190625 0.6032234125 0.2860648796875 0.60041639375 0.317053521875 0.59787535625 0.34204588125 0.6076659 0.3593092953125 0.6286493234375 0.35984340625 0.6451140468750001 0.343291928125 0.649057971875 0.3221001703125 0.6703062 0.295961715625
5 0.7805127828125 0.27483055312500004 0.7628548796875 0.2958508421875 0.7546333890625 0.31241480781250003 0.7602817859375001 0.333771803125 0.780440184375 0.33375211562499996 0.7957117359375 0.32166944375 0.7976973203125 0.29288975625 0.79615970625 0.26325075937500003 0.7805127828125 0.27483055312500004
5 0.8388663640624999 0.1902021828125 0.822189471875 0.216397809375 0.8211703765625 0.23930187187500002 0.8198466390625001 0.258488340625 0.8382987 0.271626759375 0.85935646875 0.27170891406250003 0.8837525609375 0.245926834375 0.8911850093749999 0.2834922125 0.894822675 0.2872339875 0.9013160890625 0.26725165624999997 0.914312075 0.17710562968750002 0.9314294999999999 0.13430790937499998 0.9508263124999999 0.1249942265625 0.9628648156249999 0.1047189109375 0.9728995640625 0.0994095734375 0.9775978500000001 0.0819863265625 0.9680798734374999 0.0813691109375 0.9649211046874999 0.0727244828125 0.976821784375 0.0616413390625 0.9784133 0.055095509375 0.9297840796875001 0.049589865625 0.92256268125 0.0684671578125 0.9131263093750001 0.07292346718750001 0.8926215390625 0.09454219999999999 0.8881571953125 0.11889776562500001 0.8783527046874999 0.1283766890625 0.8766463671875 0.14153479375 0.8669942140625 0.15287250937500002 0.8388663640624999 0.1902021828125
5 0.39597173125 0.2801065328125 0.41404679531250005 0.26271936406249996 0.421441209375 0.2466716171875 0.40402239843750004 0.2504340125 0.273552021875 0.2901403078125 0.271144075 0.31248709375 0.2847722046875 0.3047911171875 0.286872684375 0.324781084375 0.321947446875 0.30039823125 0.3652209484375 0.2801294390625 0.39597173125 0.2801065328125